0
-1.14424227296268
-3.47337878951232
-2.06735453771997
-1.14424227296268
0
-1.04033732055877
-0.287402408145157
-3.47337878951232
-1.04033732055877
0
-2.85968785681494
-2.06735453771997
-0.287402408145157
-2.85968785681494
0
0
-2.19400931500724
-2.02815774833959
-0.515464609845435
-2.19400931500724
0
-3.38517455338854
-0.953806072205175
-2.02815774833959
-3.38517455338854
0
-2.04247308193577
-0.515464609845435
-0.953806072205175
-2.04247308193577
0
0
-6.85452339977389
-9.26046864318977
-1.21444960232061
-6.85452339977389
0
-5.15513736779391
-0.417473774900784
-9.26046864318977
-5.15513736779391
0
-2.30930303029053
-1.21444960232061
-0.417473774900784
-2.30930303029053
0
