0
-1.01416645321446
-1.90148778863395
-0.5476104919587
-1.01416645321446
0
-3.67560293367532
-2.97975880739896
-1.90148778863395
-3.67560293367532
0
-2.85968785681494
-0.5476104919587
-2.97975880739896
-2.85968785681494
0
0
-1.87676247935636
-3.55350450421811
-2.02133187380141
-1.87676247935636
0
-2.80823910579302
-0.630099191035923
-3.55350450421811
-2.80823910579302
0
-2.04247308193577
-2.02133187380141
-0.630099191035923
-2.04247308193577
0
0
-6.05057466445919
-8.08900885789813
-0.548444860750735
-6.05057466445919
0
-6.03984996729112
-1.66994504942073
-8.08900885789813
-6.03984996729112
0
-2.30930303029053
-0.548444860750735
-1.66994504942073
-2.30930303029053
0
