0
-1.20602781415961
-1.68782055120424
-0.5476104919587
-1.20602781415961
0
-3.90028149982959
-2.97975880739896
-1.68782055120424
-3.90028149982959
0
-2.85968785681494
-0.5476104919587
-2.97975880739896
-2.85968785681494
0
0
-2.99167739991141
-2.84509194491243
-2.02133187380141
-2.99167739991141
0
-3.76831569129411
-0.630099191035923
-2.84509194491243
-3.76831569129411
0
-2.04247308193577
-2.02133187380141
-0.630099191035923
-2.04247308193577
0
0
-6.98618872924002
-8.72164136971427
-0.548444860750735
-6.98618872924002
0
-7.00564732156787
-1.66994504942073
-8.72164136971427
-7.00564732156787
0
-2.30930303029053
-0.548444860750735
-1.66994504942073
-2.30930303029053
0
