0
-3.35294525367944
-3.79350010380144
-0.5476104919587
-3.35294525367944
0
-0.447042384905004
-2.97975880739896
-3.79350010380144
-0.447042384905004
0
-2.85968785681494
-0.5476104919587
-2.97975880739896
-2.85968785681494
0
0
-1.00854942416233
-3.58065109479874
-2.02133187380141
-1.00854942416233
0
-0.758004715248779
-0.630099191035923
-3.58065109479874
-0.758004715248779
0
-2.04247308193577
-2.02133187380141
-0.630099191035923
-2.04247308193577
0
0
-4.8859620745226
-6.73051507132945
-0.548444860750735
-4.8859620745226
0
-2.25592910487239
-1.66994504942073
-6.73051507132945
-2.25592910487239
0
-2.30930303029053
-0.548444860750735
-1.66994504942073
-2.30930303029053
0
