0
-0.098275446766469
-1.68782055120424
-1.90148778863395
-0.098275446766469
0
-3.90028149982959
-3.67560293367532
-1.68782055120424
-3.90028149982959
0
-2.85968785681494
-1.90148778863395
-3.67560293367532
-2.85968785681494
0
0
-0.448481717348677
-2.84509194491243
-3.55350450421811
-0.448481717348677
0
-3.76831569129411
-2.80823910579302
-2.84509194491243
-3.76831569129411
0
-2.04247308193577
-3.55350450421811
-2.80823910579302
-2.04247308193577
0
0
-0.12238351917374
-8.72164136971427
-8.08900885789813
-0.12238351917374
0
-7.00564732156787
-6.03984996729112
-8.72164136971427
-7.00564732156787
0
-2.30930303029053
-8.08900885789813
-6.03984996729112
-2.30930303029053
0
