0
-2.79453371562817
-3.79350010380144
-1.90148778863395
-2.79453371562817
0
-0.447042384905004
-3.67560293367532
-3.79350010380144
-0.447042384905004
0
-2.85968785681494
-1.90148778863395
-3.67560293367532
-2.85968785681494
0
0
-1.18631862396804
-3.58065109479874
-3.55350450421811
-1.18631862396804
0
-0.758004715248779
-2.80823910579302
-3.58065109479874
-0.758004715248779
0
-2.04247308193577
-3.55350450421811
-2.80823910579302
-2.04247308193577
0
0
-1.95114147906541
-6.73051507132945
-8.08900885789813
-1.95114147906541
0
-2.25592910487239
-6.03984996729112
-6.73051507132945
-2.25592910487239
0
-2.30930303029053
-8.08900885789813
-6.03984996729112
-2.30930303029053
0
