0
-3.10183397387799
-3.79350010380144
-1.68782055120424
-3.10183397387799
0
-0.447042384905004
-3.90028149982959
-3.79350010380144
-0.447042384905004
0
-2.85968785681494
-1.68782055120424
-3.90028149982959
-2.85968785681494
0
0
-2.38104890714901
-3.58065109479874
-2.84509194491243
-2.38104890714901
0
-0.758004715248779
-3.76831569129411
-3.58065109479874
-0.758004715248779
0
-2.04247308193577
-2.84509194491243
-3.76831569129411
-2.04247308193577
0
0
-2.56000709397091
-6.73051507132945
-8.72164136971427
-2.56000709397091
0
-2.25592910487239
-7.00564732156787
-6.73051507132945
-2.25592910487239
0
-2.30930303029053
-8.72164136971427
-7.00564732156787
-2.30930303029053
0
