0
-3.99957986600917
-2.89020908604485
-1.14424227296268
-3.99957986600917
0
-2.97975880739896
-1.04033732055877
-2.89020908604485
-2.97975880739896
0
-0.287402408145157
-1.14424227296268
-1.04033732055877
-0.287402408145157
0
0
-3.99925988486075
-1.85775343158516
-2.19400931500724
-3.99925988486075
0
-0.630099191035923
-3.38517455338854
-1.85775343158516
-0.630099191035923
0
-0.953806072205175
-2.19400931500724
-3.38517455338854
-0.953806072205175
0
0
-7.97410525782038
-1.45510616939636
-6.85452339977389
-7.97410525782038
0
-1.66994504942073
-5.15513736779391
-1.45510616939636
-1.66994504942073
0
-0.417473774900784
-6.85452339977389
-5.15513736779391
-0.417473774900784
0
