0
-2.95170761219288
-3.994914867027
-1.14424227296268
-2.95170761219288
0
-3.67560293367532
-1.04033732055877
-3.994914867027
-3.67560293367532
0
-0.287402408145157
-1.14424227296268
-1.04033732055877
-0.287402408145157
0
0
-2.07059652781797
-3.97985088193796
-2.19400931500724
-2.07059652781797
0
-2.80823910579302
-3.38517455338854
-3.97985088193796
-2.80823910579302
0
-0.953806072205175
-2.19400931500724
-3.38517455338854
-0.953806072205175
0
0
-1.49485325893347
-7.85408406799498
-6.85452339977389
-1.49485325893347
0
-6.03984996729112
-5.15513736779391
-7.85408406799498
-6.03984996729112
0
-0.417473774900784
-6.85452339977389
-5.15513736779391
-0.417473774900784
0
