0
-2.76375195263155
-3.93380289038848
-1.14424227296268
-2.76375195263155
0
-3.90028149982959
-1.04033732055877
-3.93380289038848
-3.90028149982959
0
-0.287402408145157
-1.14424227296268
-1.04033732055877
-0.287402408145157
0
0
-0.970431147596766
-3.71211033733484
-2.19400931500724
-0.970431147596766
0
-3.76831569129411
-3.38517455338854
-3.71211033733484
-3.76831569129411
0
-0.953806072205175
-2.19400931500724
-3.38517455338854
-0.953806072205175
0
0
-1.3995781755987
-8.65106916134024
-6.85452339977389
-1.3995781755987
0
-7.00564732156787
-5.15513736779391
-8.65106916134024
-7.00564732156787
0
-0.417473774900784
-6.85452339977389
-5.15513736779391
-0.417473774900784
0
