0
-0.640911029572567
-1.1976281678773
-1.14424227296268
-0.640911029572567
0
-0.447042384905004
-1.04033732055877
-1.1976281678773
-0.447042384905004
0
-0.287402408145157
-1.14424227296268
-1.04033732055877
-0.287402408145157
0
0
-2.96063029922439
-2.60201326145172
-2.19400931500724
-2.96063029922439
0
-0.758004715248779
-3.38517455338854
-2.60201326145172
-0.758004715248779
0
-0.953806072205175
-2.19400931500724
-3.38517455338854
-0.953806072205175
0
0
-1.09043906926499
-4.10701775164058
-6.85452339977389
-1.09043906926499
0
-2.25592910487239
-5.15513736779391
-4.10701775164058
-2.25592910487239
0
-0.417473774900784
-6.85452339977389
-5.15513736779391
-0.417473774900784
0
