0
-2.89020908604485
-0.5476104919587
-2.06735453771997
-2.89020908604485
0
-2.97975880739896
-0.287402408145157
-0.5476104919587
-2.97975880739896
0
-2.85968785681494
-2.06735453771997
-0.287402408145157
-2.85968785681494
0
0
-1.85775343158516
-2.02133187380141
-0.515464609845435
-1.85775343158516
0
-0.630099191035923
-0.953806072205175
-2.02133187380141
-0.630099191035923
0
-2.04247308193577
-0.515464609845435
-0.953806072205175
-2.04247308193577
0
0
-1.45510616939636
-0.548444860750735
-1.21444960232061
-1.45510616939636
0
-1.66994504942073
-0.417473774900784
-0.548444860750735
-1.66994504942073
0
-2.30930303029053
-1.21444960232061
-0.417473774900784
-2.30930303029053
0
