0
-1.01416645321446
-3.994914867027
-2.89020908604485
-1.01416645321446
0
-3.67560293367532
-2.97975880739896
-3.994914867027
-3.67560293367532
0
-0.287402408145157
-2.89020908604485
-2.97975880739896
-0.287402408145157
0
0
-1.87676247935636
-3.97985088193796
-1.85775343158516
-1.87676247935636
0
-2.80823910579302
-0.630099191035923
-3.97985088193796
-2.80823910579302
0
-0.953806072205175
-1.85775343158516
-0.630099191035923
-0.953806072205175
0
0
-6.05057466445919
-7.85408406799498
-1.45510616939636
-6.05057466445919
0
-6.03984996729112
-1.66994504942073
-7.85408406799498
-6.03984996729112
0
-0.417473774900784
-1.45510616939636
-1.66994504942073
-0.417473774900784
0
