0
-1.20602781415961
-3.93380289038848
-2.89020908604485
-1.20602781415961
0
-3.90028149982959
-2.97975880739896
-3.93380289038848
-3.90028149982959
0
-0.287402408145157
-2.89020908604485
-2.97975880739896
-0.287402408145157
0
0
-2.99167739991141
-3.71211033733484
-1.85775343158516
-2.99167739991141
0
-3.76831569129411
-0.630099191035923
-3.71211033733484
-3.76831569129411
0
-0.953806072205175
-1.85775343158516
-0.630099191035923
-0.953806072205175
0
0
-6.98618872924002
-8.65106916134024
-1.45510616939636
-6.98618872924002
0
-7.00564732156787
-1.66994504942073
-8.65106916134024
-7.00564732156787
0
-0.417473774900784
-1.45510616939636
-1.66994504942073
-0.417473774900784
0
