0
-3.35294525367944
-1.1976281678773
-2.89020908604485
-3.35294525367944
0
-0.447042384905004
-2.97975880739896
-1.1976281678773
-0.447042384905004
0
-0.287402408145157
-2.89020908604485
-2.97975880739896
-0.287402408145157
0
0
-1.00854942416233
-2.60201326145172
-1.85775343158516
-1.00854942416233
0
-0.758004715248779
-0.630099191035923
-2.60201326145172
-0.758004715248779
0
-0.953806072205175
-1.85775343158516
-0.630099191035923
-0.953806072205175
0
0
-4.8859620745226
-4.10701775164058
-1.45510616939636
-4.8859620745226
0
-2.25592910487239
-1.66994504942073
-4.10701775164058
-2.25592910487239
0
-0.417473774900784
-1.45510616939636
-1.66994504942073
-0.417473774900784
0
