0
-0.098275446766469
-3.93380289038848
-3.994914867027
-0.098275446766469
0
-3.90028149982959
-3.67560293367532
-3.93380289038848
-3.90028149982959
0
-0.287402408145157
-3.994914867027
-3.67560293367532
-0.287402408145157
0
0
-0.448481717348677
-3.71211033733484
-3.97985088193796
-0.448481717348677
0
-3.76831569129411
-2.80823910579302
-3.71211033733484
-3.76831569129411
0
-0.953806072205175
-3.97985088193796
-2.80823910579302
-0.953806072205175
0
0
-0.12238351917374
-8.65106916134024
-7.85408406799498
-0.12238351917374
0
-7.00564732156787
-6.03984996729112
-8.65106916134024
-7.00564732156787
0
-0.417473774900784
-7.85408406799498
-6.03984996729112
-0.417473774900784
0
