0
-2.79453371562817
-1.1976281678773
-3.994914867027
-2.79453371562817
0
-0.447042384905004
-3.67560293367532
-1.1976281678773
-0.447042384905004
0
-0.287402408145157
-3.994914867027
-3.67560293367532
-0.287402408145157
0
0
-1.18631862396804
-2.60201326145172
-3.97985088193796
-1.18631862396804
0
-0.758004715248779
-2.80823910579302
-2.60201326145172
-0.758004715248779
0
-0.953806072205175
-3.97985088193796
-2.80823910579302
-0.953806072205175
0
0
-1.95114147906541
-4.10701775164058
-7.85408406799498
-1.95114147906541
0
-2.25592910487239
-6.03984996729112
-4.10701775164058
-2.25592910487239
0
-0.417473774900784
-7.85408406799498
-6.03984996729112
-0.417473774900784
0
