0
-3.10183397387799
-1.1976281678773
-3.93380289038848
-3.10183397387799
0
-0.447042384905004
-3.90028149982959
-1.1976281678773
-0.447042384905004
0
-0.287402408145157
-3.93380289038848
-3.90028149982959
-0.287402408145157
0
0
-2.38104890714901
-2.60201326145172
-3.71211033733484
-2.38104890714901
0
-0.758004715248779
-3.76831569129411
-2.60201326145172
-0.758004715248779
0
-0.953806072205175
-3.71211033733484
-3.76831569129411
-0.953806072205175
0
0
-2.56000709397091
-4.10701775164058
-8.65106916134024
-2.56000709397091
0
-2.25592910487239
-7.00564732156787
-4.10701775164058
-2.25592910487239
0
-0.417473774900784
-8.65106916134024
-7.00564732156787
-0.417473774900784
0
