0
-1.01416645321446
-2.95170761219288
-3.99957986600917
-1.01416645321446
0
-3.67560293367532
-2.97975880739896
-2.95170761219288
-3.67560293367532
0
-1.04033732055877
-3.99957986600917
-2.97975880739896
-1.04033732055877
0
0
-1.87676247935636
-2.07059652781797
-3.99925988486075
-1.87676247935636
0
-2.80823910579302
-0.630099191035923
-2.07059652781797
-2.80823910579302
0
-3.38517455338854
-3.99925988486075
-0.630099191035923
-3.38517455338854
0
0
-6.05057466445919
-1.49485325893347
-7.97410525782038
-6.05057466445919
0
-6.03984996729112
-1.66994504942073
-1.49485325893347
-6.03984996729112
0
-5.15513736779391
-7.97410525782038
-1.66994504942073
-5.15513736779391
0
