0
-1.20602781415961
-2.76375195263155
-3.99957986600917
-1.20602781415961
0
-3.90028149982959
-2.97975880739896
-2.76375195263155
-3.90028149982959
0
-1.04033732055877
-3.99957986600917
-2.97975880739896
-1.04033732055877
0
0
-2.99167739991141
-0.970431147596766
-3.99925988486075
-2.99167739991141
0
-3.76831569129411
-0.630099191035923
-0.970431147596766
-3.76831569129411
0
-3.38517455338854
-3.99925988486075
-0.630099191035923
-3.38517455338854
0
0
-6.98618872924002
-1.3995781755987
-7.97410525782038
-6.98618872924002
0
-7.00564732156787
-1.66994504942073
-1.3995781755987
-7.00564732156787
0
-5.15513736779391
-7.97410525782038
-1.66994504942073
-5.15513736779391
0
