0
-3.35294525367944
-0.640911029572567
-3.99957986600917
-3.35294525367944
0
-0.447042384905004
-2.97975880739896
-0.640911029572567
-0.447042384905004
0
-1.04033732055877
-3.99957986600917
-2.97975880739896
-1.04033732055877
0
0
-1.00854942416233
-2.96063029922439
-3.99925988486075
-1.00854942416233
0
-0.758004715248779
-0.630099191035923
-2.96063029922439
-0.758004715248779
0
-3.38517455338854
-3.99925988486075
-0.630099191035923
-3.38517455338854
0
0
-4.8859620745226
-1.09043906926499
-7.97410525782038
-4.8859620745226
0
-2.25592910487239
-1.66994504942073
-1.09043906926499
-2.25592910487239
0
-5.15513736779391
-7.97410525782038
-1.66994504942073
-5.15513736779391
0
