0
-0.098275446766469
-2.76375195263155
-2.95170761219288
-0.098275446766469
0
-3.90028149982959
-3.67560293367532
-2.76375195263155
-3.90028149982959
0
-1.04033732055877
-2.95170761219288
-3.67560293367532
-1.04033732055877
0
0
-0.448481717348677
-0.970431147596766
-2.07059652781797
-0.448481717348677
0
-3.76831569129411
-2.80823910579302
-0.970431147596766
-3.76831569129411
0
-3.38517455338854
-2.07059652781797
-2.80823910579302
-3.38517455338854
0
0
-0.12238351917374
-1.3995781755987
-1.49485325893347
-0.12238351917374
0
-7.00564732156787
-6.03984996729112
-1.3995781755987
-7.00564732156787
0
-5.15513736779391
-1.49485325893347
-6.03984996729112
-5.15513736779391
0
