0
-3.994914867027
-1.90148778863395
-2.06735453771997
-3.994914867027
0
-3.67560293367532
-0.287402408145157
-1.90148778863395
-3.67560293367532
0
-2.85968785681494
-2.06735453771997
-0.287402408145157
-2.85968785681494
0
0
-3.97985088193796
-3.55350450421811
-0.515464609845435
-3.97985088193796
0
-2.80823910579302
-0.953806072205175
-3.55350450421811
-2.80823910579302
0
-2.04247308193577
-0.515464609845435
-0.953806072205175
-2.04247308193577
0
0
-7.85408406799498
-8.08900885789813
-1.21444960232061
-7.85408406799498
0
-6.03984996729112
-0.417473774900784
-8.08900885789813
-6.03984996729112
0
-2.30930303029053
-1.21444960232061
-0.417473774900784
-2.30930303029053
0
