0
-2.79453371562817
-0.640911029572567
-2.95170761219288
-2.79453371562817
0
-0.447042384905004
-3.67560293367532
-0.640911029572567
-0.447042384905004
0
-1.04033732055877
-2.95170761219288
-3.67560293367532
-1.04033732055877
0
0
-1.18631862396804
-2.96063029922439
-2.07059652781797
-1.18631862396804
0
-0.758004715248779
-2.80823910579302
-2.96063029922439
-0.758004715248779
0
-3.38517455338854
-2.07059652781797
-2.80823910579302
-3.38517455338854
0
0
-1.95114147906541
-1.09043906926499
-1.49485325893347
-1.95114147906541
0
-2.25592910487239
-6.03984996729112
-1.09043906926499
-2.25592910487239
0
-5.15513736779391
-1.49485325893347
-6.03984996729112
-5.15513736779391
0
