0
-3.10183397387799
-0.640911029572567
-2.76375195263155
-3.10183397387799
0
-0.447042384905004
-3.90028149982959
-0.640911029572567
-0.447042384905004
0
-1.04033732055877
-2.76375195263155
-3.90028149982959
-1.04033732055877
0
0
-2.38104890714901
-2.96063029922439
-0.970431147596766
-2.38104890714901
0
-0.758004715248779
-3.76831569129411
-2.96063029922439
-0.758004715248779
0
-3.38517455338854
-0.970431147596766
-3.76831569129411
-3.38517455338854
0
0
-2.56000709397091
-1.09043906926499
-1.3995781755987
-2.56000709397091
0
-2.25592910487239
-7.00564732156787
-1.09043906926499
-2.25592910487239
0
-5.15513736779391
-1.3995781755987
-7.00564732156787
-5.15513736779391
0
