0
-0.098275446766469
-1.20602781415961
-1.01416645321446
-0.098275446766469
0
-3.90028149982959
-3.67560293367532
-1.20602781415961
-3.90028149982959
0
-2.97975880739896
-1.01416645321446
-3.67560293367532
-2.97975880739896
0
0
-0.448481717348677
-2.99167739991141
-1.87676247935636
-0.448481717348677
0
-3.76831569129411
-2.80823910579302
-2.99167739991141
-3.76831569129411
0
-0.630099191035923
-1.87676247935636
-2.80823910579302
-0.630099191035923
0
0
-0.12238351917374
-6.98618872924002
-6.05057466445919
-0.12238351917374
0
-7.00564732156787
-6.03984996729112
-6.98618872924002
-7.00564732156787
0
-1.66994504942073
-6.05057466445919
-6.03984996729112
-1.66994504942073
0
