0
-2.79453371562817
-3.35294525367944
-1.01416645321446
-2.79453371562817
0
-0.447042384905004
-3.67560293367532
-3.35294525367944
-0.447042384905004
0
-2.97975880739896
-1.01416645321446
-3.67560293367532
-2.97975880739896
0
0
-1.18631862396804
-1.00854942416233
-1.87676247935636
-1.18631862396804
0
-0.758004715248779
-2.80823910579302
-1.00854942416233
-0.758004715248779
0
-0.630099191035923
-1.87676247935636
-2.80823910579302
-0.630099191035923
0
0
-1.95114147906541
-4.8859620745226
-6.05057466445919
-1.95114147906541
0
-2.25592910487239
-6.03984996729112
-4.8859620745226
-2.25592910487239
0
-1.66994504942073
-6.05057466445919
-6.03984996729112
-1.66994504942073
0
