0
-3.10183397387799
-3.35294525367944
-1.20602781415961
-3.10183397387799
0
-0.447042384905004
-3.90028149982959
-3.35294525367944
-0.447042384905004
0
-2.97975880739896
-1.20602781415961
-3.90028149982959
-2.97975880739896
0
0
-2.38104890714901
-1.00854942416233
-2.99167739991141
-2.38104890714901
0
-0.758004715248779
-3.76831569129411
-1.00854942416233
-0.758004715248779
0
-0.630099191035923
-2.99167739991141
-3.76831569129411
-0.630099191035923
0
0
-2.56000709397091
-4.8859620745226
-6.98618872924002
-2.56000709397091
0
-2.25592910487239
-7.00564732156787
-4.8859620745226
-2.25592910487239
0
-1.66994504942073
-6.98618872924002
-7.00564732156787
-1.66994504942073
0
