0
-3.10183397387799
-2.79453371562817
-0.098275446766469
-3.10183397387799
0
-0.447042384905004
-3.90028149982959
-2.79453371562817
-0.447042384905004
0
-3.67560293367532
-0.098275446766469
-3.90028149982959
-3.67560293367532
0
0
-2.38104890714901
-1.18631862396804
-0.448481717348677
-2.38104890714901
0
-0.758004715248779
-3.76831569129411
-1.18631862396804
-0.758004715248779
0
-2.80823910579302
-0.448481717348677
-3.76831569129411
-2.80823910579302
0
0
-2.56000709397091
-1.95114147906541
-0.12238351917374
-2.56000709397091
0
-2.25592910487239
-7.00564732156787
-1.95114147906541
-2.25592910487239
0
-6.03984996729112
-0.12238351917374
-7.00564732156787
-6.03984996729112
0
