0
-3.93380289038848
-1.68782055120424
-2.06735453771997
-3.93380289038848
0
-3.90028149982959
-0.287402408145157
-1.68782055120424
-3.90028149982959
0
-2.85968785681494
-2.06735453771997
-0.287402408145157
-2.85968785681494
0
0
-3.71211033733484
-2.84509194491243
-0.515464609845435
-3.71211033733484
0
-3.76831569129411
-0.953806072205175
-2.84509194491243
-3.76831569129411
0
-2.04247308193577
-0.515464609845435
-0.953806072205175
-2.04247308193577
0
0
-8.65106916134024
-8.72164136971427
-1.21444960232061
-8.65106916134024
0
-7.00564732156787
-0.417473774900784
-8.72164136971427
-7.00564732156787
0
-2.30930303029053
-1.21444960232061
-0.417473774900784
-2.30930303029053
0
