0
-1.1976281678773
-3.79350010380144
-2.06735453771997
-1.1976281678773
0
-0.447042384905004
-0.287402408145157
-3.79350010380144
-0.447042384905004
0
-2.85968785681494
-2.06735453771997
-0.287402408145157
-2.85968785681494
0
0
-2.60201326145172
-3.58065109479874
-0.515464609845435
-2.60201326145172
0
-0.758004715248779
-0.953806072205175
-3.58065109479874
-0.758004715248779
0
-2.04247308193577
-0.515464609845435
-0.953806072205175
-2.04247308193577
0
0
-4.10701775164058
-6.73051507132945
-1.21444960232061
-4.10701775164058
0
-2.25592910487239
-0.417473774900784
-6.73051507132945
-2.25592910487239
0
-2.30930303029053
-1.21444960232061
-0.417473774900784
-2.30930303029053
0
