0
-3.99957986600917
-0.5476104919587
-3.47337878951232
-3.99957986600917
0
-2.97975880739896
-1.04033732055877
-0.5476104919587
-2.97975880739896
0
-2.85968785681494
-3.47337878951232
-1.04033732055877
-2.85968785681494
0
0
-3.99925988486075
-2.02133187380141
-2.02815774833959
-3.99925988486075
0
-0.630099191035923
-3.38517455338854
-2.02133187380141
-0.630099191035923
0
-2.04247308193577
-2.02815774833959
-3.38517455338854
-2.04247308193577
0
0
-7.97410525782038
-0.548444860750735
-9.26046864318977
-7.97410525782038
0
-1.66994504942073
-5.15513736779391
-0.548444860750735
-1.66994504942073
0
-2.30930303029053
-9.26046864318977
-5.15513736779391
-2.30930303029053
0
