0
-2.95170761219288
-1.90148778863395
-3.47337878951232
-2.95170761219288
0
-3.67560293367532
-1.04033732055877
-1.90148778863395
-3.67560293367532
0
-2.85968785681494
-3.47337878951232
-1.04033732055877
-2.85968785681494
0
0
-2.07059652781797
-3.55350450421811
-2.02815774833959
-2.07059652781797
0
-2.80823910579302
-3.38517455338854
-3.55350450421811
-2.80823910579302
0
-2.04247308193577
-2.02815774833959
-3.38517455338854
-2.04247308193577
0
0
-1.49485325893347
-8.08900885789813
-9.26046864318977
-1.49485325893347
0
-6.03984996729112
-5.15513736779391
-8.08900885789813
-6.03984996729112
0
-2.30930303029053
-9.26046864318977
-5.15513736779391
-2.30930303029053
0
