0
-2.76375195263155
-1.68782055120424
-3.47337878951232
-2.76375195263155
0
-3.90028149982959
-1.04033732055877
-1.68782055120424
-3.90028149982959
0
-2.85968785681494
-3.47337878951232
-1.04033732055877
-2.85968785681494
0
0
-0.970431147596766
-2.84509194491243
-2.02815774833959
-0.970431147596766
0
-3.76831569129411
-3.38517455338854
-2.84509194491243
-3.76831569129411
0
-2.04247308193577
-2.02815774833959
-3.38517455338854
-2.04247308193577
0
0
-1.3995781755987
-8.72164136971427
-9.26046864318977
-1.3995781755987
0
-7.00564732156787
-5.15513736779391
-8.72164136971427
-7.00564732156787
0
-2.30930303029053
-9.26046864318977
-5.15513736779391
-2.30930303029053
0
