0
-0.640911029572567
-3.79350010380144
-3.47337878951232
-0.640911029572567
0
-0.447042384905004
-1.04033732055877
-3.79350010380144
-0.447042384905004
0
-2.85968785681494
-3.47337878951232
-1.04033732055877
-2.85968785681494
0
0
-2.96063029922439
-3.58065109479874
-2.02815774833959
-2.96063029922439
0
-0.758004715248779
-3.38517455338854
-3.58065109479874
-0.758004715248779
0
-2.04247308193577
-2.02815774833959
-3.38517455338854
-2.04247308193577
0
0
-1.09043906926499
-6.73051507132945
-9.26046864318977
-1.09043906926499
0
-2.25592910487239
-5.15513736779391
-6.73051507132945
-2.25592910487239
0
-2.30930303029053
-9.26046864318977
-5.15513736779391
-2.30930303029053
0
